217411866887529 539034272290217
970227284385697 441529204555234
301780304335074 512103967753823
603487158729196 259646522392290
574422456924696 711511148717691
896114435512529 437608843356412
168877120668006 165563996540902
945355145929321 667977646974617
499975916455193 806818771431971
882658705442228 241320795734963
174950593244168 633567942176366
40379140122447 539405767918246
253858109404275 55790334822002
420423916021314 759130819813949
124801232451323 963672021550741
274128769550110 979851125135192
